9784907719272
9784254117677
9784254117615
9784781915333
259784781915302
9784785314125
9784254117561
9784254128611
9784781915241
9784320113923
9784781915173
9784621061244
9784621061220
9784781915159
9784254117554
9784320114456
9784781915111
9784903342498
9784903342276
9784903342269
9784903342252
9784903342245
9784903342238
9784903342221
9784781915104
9784781915050
9784781915029
9784621305911
9784781914954
9784320112070
9784781914923
9784254117707
9784254117684
9784254117660
9784254117653
9784254117622
9784254117608
9784254117592
9784254117547
9784254117530
9784254117523
9784254117516
9784563010829
9784434228797
9784434147371
4795200998
9784320110151
9784320111127
9784320019690
9784320019249
9784320019782
9784320110564
9784320113152
9784320111035
9784320019256
9784320110137
9784320019225
9784254128628
9784254128536
9784254128581
9784254128598
9784254128604
4254126581
4254126611
4254126646
4254126662
9784254126969
9784254127911
9784254127928
9784254127959
9784254127980
9784254128321
9784254128352
9784254128345
9784254128376
9784254128383
9784254128390
9784254128406
9784254128413
9784254128420
9784254122466
9784254128437
9784320112445
9784320112438
9784320110052
9784320110045
9784320110069
9784320110038
9784320110007
4320017331
9784320113916
9784320113909
9784320110779
9784320110755
9784320110748
9784320110731
9784320110724
9784320110717
9784320110700
9784320110694
9784320110687
9784320110670
9784320110663
9784320110656
9784320110632
9784320019997
9784320019980
9784320019973
9784320019966
9784320019904
9784320019898
9784320019881
9784320019874
9784320019836
9784320019829
9784781914879
9784781914848
9784781914824
9784781914794
9784781914763
9784621304754
9784781914725
9784781914688
9784781914596
9784866412016
9784781914657
9784781914633
9784781914602
9784320111882
9784907719265
9784753602025
9784621304020
9784320112063
9784320111851
9784535608924
9784797356779
9784489022845
9784627077119
9784320113312
9784254116328
9784254116311
9784320011069
9784489022630
9784489021374
9784434137105
4000056417
9784320015692
9784254114157
9784785314095
9784314701273
9784254115987
9784407023916
4254111096
4254115768
425429557X
4000077481
9784535786202
9784876986293
9784254121766
9784254111262
9784254121650
4469031615
4000053191
9784007306495
432001538X
9784627074699
9784621064351
9784061556164
9784785314026
9784621301081
9784621302156
9784320111523
9784320111745
9784320112056
9784582417319
9784320111509
9784826801485
9784095102818
9784767490250
9784000801225
9784000801225
9784000801225
9784000800471
4095154020
9784469051049
9784560000472
9784095155234
9784767410784
4385103895
9784385103389
4095101016
9784095102542
9784767420264
9784767410357
9784767414225
9784261071887
9784095156538
9784095156040
9784621081259
9784320113190
9784535786387
9784320112049
9784907719258
9784320111660
9784320112032
9784320111905
9784535786936
9784320112421
9784320112414
9784621300541
9784320005891
9784320112025
9784621062081
9784621061886
9784621065365
9784621062647
9784621061992
9784621061602
9784621065044
9784621065082
9784621062807
9784621062319
4621075292
9784621061350
9784621061879
9784621062562
9784621061541
9784621061640
9784621061558
9784621063378
9784621062180
9784621063873
9784621061305
9784621061664
9784621061329
9784621062913
9784621062241
9784621063620
9784795201392
9784907719241
9784130620598
9784320016514
9784274068256
9784320112018
9784621065297
9784768701188
9784000059664
9784621064535
9784320111479
9784320111868
9784320111776
9784774180823
9784320111073
9784320110168
9784320019218
9784254128086
9784254128109
9784254128017
4254126573
9784254128314
9784254128338
9784254128369
9784254126983
9784254128512
9784254128529
9784254128543
9784254128550
9784254128567
9784254128574
9784254116830
9784489007491
9784062923156
9784785310912
9784254115567
4785310502
9784478028247
9784320019393
9784254111439
9784873117355
9784873116945
9784320111608
9784254116069
9784320111592
9784320111837
9784320111813
9784320111806
9784320111790
9784320111769
9784320111981
9784320111974
9784320111967
9784320112001
9784320111998
9784320111950
9784621089590
9784907719234
9784320111080
9784820406020
9784820414131
9784820414131
9784820499121
9784820499121
259784621065259
209784621061435
209784621061428
9784621087138
209784254117486
9784781913308
9784627077317
9784320110625
9784627061514
9784320110649
9784621065228
9784627052819
9784627095625
9784254127997
9784320110618
9784320110571
9784990232894
9784434182242
9784320110465
9784274069314
9784320110410
9784320110427
9784320110397
9784320110458
9784320110021
9784339061031
9784254111408
9784434179747
9784563010850
9784254116823
9784254116816
9784903342160
9784903342511
9784903342214
9784621065129
9784563003913
9784621065143
9784434179044
9784254127966
9784320110380
9784764902572
4764902567
9784764902558
9784434177750
9784434178399
9784434177279
9784807908257
9784254111392
9784535784581
9784489020995
9784320010772
9784000052115
9784000067935
9784061545229
9784102159712
9784130629591
9784320013322
9784320019812
9784480093257
9784480094391
9784622075691
4764902966
9784768704127
9784535783614
9784535786882
9784535786318
9784489020537
9784062582254
9784535786417
9784535785519
9784106035111
9784150502942
9784062575577
9784480092717
9784150502935
9784320110182
9784061565104
9784274213489
9784254117646
9784320110328
9784535784727
9784130613088
9784320110311
9784320019959
9784627918023
9784990232887
9784320019942
9784254118247
9784535785731
9784621065198
9784320110298
9784434168611
9784627035492
9784320019522
9784320110014
9784621065273
9784320110250
059784254127973
9784254117813
9784254115840
9784320110144
9784320019935
9784621065174
9784320018969
9784320122680
9784563062545
9784621085080
9784563010096
9784274212109
9784320019911
9784320019928
9784781913087
9784254114980
9784627036291
9784621061985
9784320110229
9784254290172
9784563062538
9784621085097
9784254128048
9784254275568
9784254290165
9784254117714
4990232879
9784883841783
9784320110120
9784320019775
9784320019867
9784781912929
9784320057159
9784274068485
9784320019768
9784320019751
9784785315573
9784254128291
9784320019850
9784254118223
9784254118216
9784320019706
9784339061017
9784563006655
9784254121810
9784320019713
9784320034785
9784320015654
9784254128154
9784254117356
9784781912882
9784320019843
9784627017498
9784627821491
9784274068300
9784320019652
9784061557710
9784627052710
9784061557956
9784781912813
4907719213
9784320019416
9784320019492
9784431102205
9784320019485
9784431102380
9784254111293
9784254102475
9784627019195
9784254115376
9784254115369
9784254115352
9784320019447
9784873618449
9784990450700
4990232860
9784274068171
9784254111286
9784431100867
9784320019331
9784254128253
9784254128246
9784254128222
9784320019270
9784320019232
9784254127942
9784781912561
9784431100775
9784563011420
9784274067631
9784791765614
9784563011444
9784320019508
9784320019324
9784563011413
9784320016996
9784781912530
4817153059
9784791765461
9784785315559
9784627076617
9784254270150
4254275161
4254275234
4254275226
4254275250
4254275218
9784254117882
9784254117875
4254126158
9784254295153
4254295146
9784254295139
425429512X
4254295111
9784254295566
9784254295559
9784254295542
9784254295528
9784254295511
9784254295269
4254295251
9784254295535
9784489020360
9784489020230
9784254117868
9784254270051
9784314010467
9784314010450
9784314010443
9784314010436
9784314010429
9784314010412
9784314010405
9784254121827
9784627019096
319784627035393
159784627042490
9784563010065
9784254117806
9784254118094
9784254127935
9784254128123
9784254117349
9784753601516
9784431100836
9784431100829
9784320019317
9784320019126
9784274502743
9784785320225
9784627917712
9784431100423
9784781912486
9784254117332
9784320019164
9784563010089
309784339024463
4792200911
4762008389
4782890281
159784130620253
159784000056342
9784254117431
4990232852
9784320016989
9784791764877
9784061562011
9784782805107
9784781912363
9784431709084
9784254128062
9784781912288
4627015909
9784339027204
9784431100553
9784901683708
4817150033
4817153180
4817153075
4407022744
4407022434
9784781912301
9784254270044
9784254126082
9784254275384
4254209533
9784254275179
9784254126174
9784320122178
9784320121768
9784532130749
9784431100119
9784623054282
9784623054275
4320121686
4320121678
9784791764778
9784791791750
9784791791743
9784791791736
9784791791729
9784791791712
9784627018815
9784254128024
4893621920
9784431100218
4320017862
4320016475
4254280017
4563015512
9784563011208
4501526505
9784320018853
9784901683623
9784431100096
9784431100270
9784320122291
9784320018815
9784431100492
9784254111217
9784320018761
9784320018808
9784431100546
9784431100515
9784431100522
9784431706694
4782845073
9784480860699
4489005873
9784489004971
9784563003814
9784339060973
4907719205
9784320018693
9784274205958
9784061531376
9784431100027
9784431100034
4765515826
9784431100126
9784563010041
9784254117585
9784061578012
9784781912011
9784320018624
9784781912073
9784320018587
9784254126976
9784254117776
9784254111170
9784061578029
9784061557802
9784254117424
9784431710868
9784887308404
9784061539754
9784781911878
9784254111194
9784431100263
9784320018617
9784431100089
9784320018242
9784254117417
9784532133467
4254111053
9784781911922
9784782805084
9784254111187
9784339026115
9784320056626
9784431100058
9784254117264
9784434027536
9784000106627
9784563010843
9784535784321
4535783276
9784535783829
9784130120579
9784320018518
4817102942
4781909809
9784254116335
425411480X
479520117X
9784563010010
9784320018532
9784320018563
9784781911809
4535601402
4535601380
4535601437
4535601356
4535601429
9784781911762
9784563003753
9784563011345
9784431100072
4000079719
4808210282
4563011061
9784254117769
9784785315474
9784434111938
9784431100010
9784431100041
9784431707745
9784627081512
9784535784680
9784000054096
9784535785144
4873618428
4876986290
9784480090867
9784781911779
9784254117479
9784785315450
9784875024033
9784431727378
9784320121904
9784274204418
9784320017344
9784431727385
9784431713128
9784431723134
9784563010874
4320018281
4130629107
4130624504
487361113X
4434078755
9784320018433
9784781911717
4320028201
9784822283223
9784320016972
9784781911694
9784753601912
9784563011314
9784339060867
9784000054089
9784320018372
9784563003722
9784563003715
9784563003739
9784431712381
4431712372
4431712364
9784894714922
4431707271
9784254121674
9784254117462
9784339060928
4061539582
4535785139
4781909914
4641160562
4320017145
4320017137
4563002801
4781910092
4781909965
4781909655
9784826931076
4817102667
9784320018341
9784000803090
4431707719
4489007191
4764901846
4061545329
432001717X
4320029488
4254117574
4254117639
4785315431
432001801X
4563003697
4320018303
479176305X
4791763157
4431711902
4563006645
4563006637
4431712313
4563011150
4901683403
4785315423
4781911455
4434085816
443171216X
4946552189
4946552243
4946552197
4795201420
4826931034
453578437X
4434082914
4434058010
4795268916
4563011282
4320016300
4254111037
4254111045
4254111126
4254111118
4320017706
4320017749
4320017730
4320017722
4320017714
4320018206
4320018141
4781911463
4431710523
4563011258
4339027154
4320018095
4901683373
4431711910
4563003654
4254116012
4781911331
4254111061
4320016122
4339026107
4563010839
4320016963
4901683349
4431712119
4781911315
4563010863
4781911269
4627076118
4000068822
4000068857
4563010812
4627081421
4535785236
4320017951
475360070X
4431711538
4431711716
443171152X
4431711724
4000060562
4000068792
4000068776
4795268894
4817300973
4492700900
4000068806
4000068806
4000068849
4000068814
4000068830
4000068784
4000068741
4000061461
4000058738
4000055275
4000056492
4000056107
4000052438
4000051970
4000051962
4000050516
4320017919
4320017846
4431709703
4563003417
4563006610
4901683322
478191117X
4535785201
4000068865
4000068768
400006875X
4000068733
4000068725
4000068717
4000059521
4000056115
4000055283
4000053205
4320018044
4876986371
425412161X
4641067945
4489007183
4326502274
4535781818
4489005784
4489006594
4000802097
4431708693
4339023760
4627827911
4431711872
4274200094
4274200086
4274200078
4535785198
4781909167
4627827415
4320121554
4621046071
4434034863
4431711880
4907719191
4563014966
4563014958
4563014915
443407069X
4894714930
4431711821
4431711376
4431710418
4563014869
4563014850
4563014842
4563014834
4785329130
4254117310
425411625X
4822282457
4434068059
4931469302
4931469299
4535784531
453578521X
4434067532
4431710841
443171118X
4431711813
4130629530
4768708641
4768703534
4431707697
4431708650
4431708529
4431708049
4431706860
4431711171
4431707751
443170826X
4431708251
4431708766
4431708979
4431708960
4431708936
4431708685
4431708502
284431711368
4431708723
4431709681
4431708138
4431707786
443170907X
4431710191
4431707972
4431709258
443170986X
443170938X
4431709541
4431709452
4431708472
4431708642
4431709444
4431708669
4431708278
4431706666
4431707549
4431707700
443170969X
4431707085
4431709282
4431709959
4431706771
4431710175
4431710167
4431711155
4431711147
4431709266
4431708200
4431707026
4431707018
4431706879
4431707034
4431706658
4320016173
4431711694
4130613049
4254110995
4320017110
4894717611
4130420674
4130420666
4320017315
4431710922
4431711406
4431711457
4896301749
4785315385
4768703550
4791761871
4130613065
4781910912
4535784205
4431711252
4320026616
4907719167
431400973X
4431711201
443171135X
4431710531
4535784175
4781910831
4254116004
4431711236
4130629123
4431710914
4431708774
4535783861
314431711228
4535784035
4431710795
4894717654
448900432X
4061545418
4535783713
4563006483
4535783624
4431709932
4431708308
443170759X
4431707581
4431707573
4431707468
4431709886
4431709878
4431710906
4320016955
4535608466
453560844X
4535608431
4535608423
4535608415
4535608407
4860790006
443170812X
4431708111
4535781737
490165425X
4894717646
4563003379
4535601399
4535601208
4535601216
4535601348
4535601305
4535601283
4535601186
4795268983
4535601291
4431709010
4431708707
443171040X
4907719159
4907719140
4431710736
4431710396
4431709630
4431709622
456300331X
456300331X
4254116047
4431710558
4431710566
4563003239
4781910270
4320015517
4795268975
4254290063
4627037112
4785314117
4828398120
4320024834
4254115970
4563008281
4254115822
425411558X
4320016947
4946552014
4781901557
4781910262
4254110677
4254110669
4254110928
425411091X
4535601364
4795268967
4795268932
4627019610
4000053841
4320017293
4320017307
4931469167
4931469094
425411088X
4254116039
4320016920
4907719124
4320016904
4320016939
4320016912
4768702236
4563002321
4782802056
478280136X
425411575X
4130120530
4254115741
4061539892
4785315148
4320017005
4563006459
4431708022
4431706887
425411589X
4431709657
4130420658
4320012402
4000074113
425411592X
4130629093
4320015533
4254115571
4061539620
4061539744
4000057294
4254116020
4915572943
4000067915
4254115938
4872590651
4768702805
4785315318
478531530X
4563002941
4254136404
4254115776
4900899054
4254115881
4535601372
4486015878
4254115857
4254115792
4254115954
4254115946
4254115911
4254115873
4254115830
4560000271
4061539701
4491016445
443170924X
4431708480
4431708286
4431706542
4254115555
4431708448
4254114400
274000106619
274000106619
4130629026
4000054244
4320016726
4907719116
4254114354
4320016718
4320016874
4535601321
4254115962
4785315296
4254114974
4254114966
478531527X
432001684X
4563077712
4061539795
4320016734
4535783322
4535783349
4535601313
4907719108
4254115806
4785315261
4894714213
4130640747
4873612012
4535783055
4535782911
476870266X
432001670X
4320014936
4768703240
4885520908
487243045X
462709471X
4431708677
4535783187
4535783179
4535783268
4061539647
4563002984
4563002976
4320015703
4431708804
4431708790
4431707271
4907719094
4907719086
4795201374
4563002852
479520103X
4061539612
4061539574
4320016378
4254114427
4785315237
4000066153
4000066145
4000066137
4320015614
4254136390
4254114958
453578275X
4535783160
4563002925
4000106600
4000106600
4254115547
4000060554
4254110502
4000212834
4431705988
4895010058
4785670223
4254113587
4274130118
4627071507
4000079743
4795268797
4782806248
479220089X
4320012267
4489010176
4785381140
4895011321
4303722707
4254114338
478531401X
4130640712
4254113544
4785313080
4000100033
4766508696
4781901778
478190176X
4627004109
4000212613
4486007549
4535601151
4000101587
4061396404
4061394061
4781906923
4621047019
4061328611
4062571099
4535782741
4320024990
4888776091
4535782113
4621025929
4254110030
4254110030
4254110022
4627050801
4627050704
4792200105
4837504418
4837504124
4837503845
4837503152
4254110510
4754820096
4754840062
425411057X
4000800051
4475000645
4560000697
447500036X
4095102624
4384000065
4384000030
4842600217
4469012157
4767490308
5200000750
4000078100
4000100114
4000100092
4320013204
462709180X
4000100068
4000078135
4000104500
4254114168
456300426X
4000101560
4320013840
4320013158
4792200776
4320010329
4320010310
4320010299
4320010302
4782845049
4785314109
4785670215
4339060275
4000106589
4431706682
432001233X
4785690259
4320015207
400007976X
4842701358
4842701293
4563007552
4314000163
4314000163
4314000120
4314000120
4486009606
4768702201
4764910136
4000077155
4000077147
4000076035
4000077112
4895013448
476870316X
4316377302
4316376403
4781905463
4627780605
4320010795
4316376209
4320011201
4563024066
4563024058
4622024519
4320011600
4842701498
4842701498
4785310480
4627045301
4753600610
476794628X
4320012488
4061179519
4621040308
4316376616
4764910233
4764910209
4764910225
4764910128
4781901026
425411351X
4764910306
4486007387
4254114435
4316375911
4764910381
4563003034
4785310308
4000105167
4061180215
4320021622
4805202378
4788503700
4314001607
4795268703
4274945065
4627005105
4563005576
4795200955
4563001929
4627072805
4627081006
4627051905
4627060505
4274945162
432001328X
4810189252
4000053671
4320011627
4895013278
4781903509
4563021717
462103488X
4431705171
4431705163
4320013336
4339060127
478531074X
4320012852
4837505120
4274020096
4486010795
4130420224
4000104381
4785320257
4563002356
4781906540
4766510704
4000105167
400010019X
4000078089
4320014634
4627073305
4753600920
4753600912
4320014014
4627035101
448600888X
4792200784
4254114745
4486005228
4000105132
4061221213
4794203802
4895015513
4320013980
4431705384
4431705694
4622016532
478190145X
4781901573
4785311134
4785311126
4785311274
4785310820
4000105183
4622014068
4563001198
4000101609
4001152029
4320012410
4781901182
4781900976
4320011023
4781901077
4320012453
4535781281
4781901352
4000101552
4785313145
4622025094
4254114664
4795268592
4061221396
4254130465
4000057545
4000057537
4782890222
4000052934
4785670053
4627070608
4760720030
4320011198
456300328X
4130669001
462700480X
4817153172
4320011333
4314004894
4303723002
4000101692
4407021896
4000106554
4000004611
4563003220
4785314087
4254114702
4785314087
4768701965
4535782199
4768702406
4407021780
4407021586
4781901468
4320010981
4000056964
4320011503
4627000707
4254114729
4895013340
4320001834
4781902863
4781902766
4895012565
4895012557
4320013794
4808210010
4061220667
4061220632
4061220640
4320013425
4000055542
4817301376
4320032314
4000054961
4810189244
4000055062
4489010060
4627015704
4254114656
4622016214
4622024667
4320010647
4320012569
4535781648
456300314X
4000061305
462707090X
4320010175
4320010167
4320010159
4781902472
4320014308
4320012666
4000101749
4785315202
4130650327
4627151802
4535781168
4627004508
4320010566
4924460400
4764900386
4316377000
4320010523
4563002399
4314004754
4314001178
4654083049
4320013212
4390111760
453401192X
4254114133
4000106562
4022596651
4320013352
4627033303
4320012496
4768701698
480520477X
4567736710
4254135068
4130640674
4892421413
4000104489
4314004746
4000101579
4000101714
4254113722
4000052616
4320015797
4781901646
4274074315
4766502256
478562003X
4906519008
4622025515
4320010078
4782805012
4000053604
4407021659
4407021276
4407021373
4254113617
4817122145
4320011473
4000104403
4254136382
4000077732
425413634X
4254113560
4000100858
4000100858
4254136366
4000066242
4254136374
4000077724
4314002387
4314001267
4873611202
4627016107
4431708553
4431708545
4000065181
4781902774
4274070085
4781902650
4320002113
4320010353
4781901735
4316376802
4781901743
4381006216
4535601224
4535601135
4000101633
4781901603
4489003196
4130640038
4486007034
4000104497
4314001585
4314001585
406122106X
4781901662
4842702273
4563020303
4781901832
4781901786
4781903851
4781904920
4781901395
4781901239
4781901387
478190680X
4781901158
4781905803
4781901751
4000077473
4000054813
4061179128
4320012798
432001278X
4000057677
4000055054
4000055046
4000055038
4627052103
4320032411
4563007927
4003392418
4785621257
4000061232
484270182X
4621022458
4314005319
4844501186
4844501151
4785670207
4753600408
4563020338
4795201145
4563005746
4000104470
4781905315
4320013344
4627045204
478190159X
4320013417
4320012542
4000201808
4254114648
4897340098
4785380063
4320012240
4431706828
4501527803
4274021831
4254136358
4842702044
4842701951
4563001848
4254113013
4894712342
4785670290
4489001347
4489002882
4489002548
4764910152
4785313072
4768700985
4000060805
4000105205
4000106457
304563002429
4000058606
4320001966
4274130096
427413010X
4274130150
4895010112
489501388X
4489011903
4781901425
4781901808
4781901794
4781901808
4781901824
4781901379
4781901433
4781901409
4781901344
4781907423
4000057235
4535783063
4000106287
4000106252
4000106260
400010957X
4339060569
4782805020
4768703267
4320022718
4320005562
4842701684
4320013905
4563008672
4320014030
4320014979
4254114419
4320002393
4000052632
4000104349
4785311215
4320012046
4320012097
4781906338
4837505651
4837505570
4563002313
448900334X
4407021020
4407021527
4407021446
4407021810
4320013107
4526023485
4254120338
4407021764
4627040202
4563004049
4627040105
4320011147
4407021543
4000055186
4535782393
4000100025
4000100025
4130620061
4130620053
4563004227
4320012062
4572006814
4000051792
4535781753
4535704104
4535701105
4535702128
4535704120
4535704090
4535704058
4535702071
4535702063
4535704074
4535702284
4535705062
4535705054
4535705046
4535705038
453570502X
4535705011
4535702292
4535702268
453570225X
4535706034
4535706026
4535706018
4535702322
4535704066
4535702322
4535702187
4535702306
4000106546
4000079778
440702108X
4563003158
4000100246
4130650319
4785320273
4000058258
4320012143
4000105132
4563004308
4320010698
4320012054
4320012089
4535601275
456302421X
4782806132
4314006838
4320014669
4320014588
4320014774
4805202696
4627070411
4627026102
4627026501
4785381132
4785311258
4785310782
4785310952
4785310499
4788500841
4627026005
4627070802
432001054X
432001054X
4320012313
4000211080
4320012402
4000078097
4000100033
4000100033
4879620157
4320015665
400021327X
4320010035
478190467X
487962019X
4781904254
4768701329
4320012887
4320012186
4254113528
4254113595
4563004316
4785310839
4627060602
4254113609
4000061275
4781901492
4781901441
4000101722
4339060666
4842702303
4560052573
4000059084
4000059084
4320032403
4842702168
4431705732
453578213X
4532520061
4873611296
4785311185
4316376500
4316376500
4274085694
4000100084
4339060674
4339060577
4320013263
4563002135
4314002085
4764910217
4000101617
4563004022
432001099X
4627072309
4781908187
4627075014
4254114680
4254110073
4781901476
4781901476
4000106538
4785601329
4535782156
4563006351
456300636X
4320015622
4254114850
4254114842
4254114761
4535781613
4254114826
4535607052
4535607036
4535607044
4535607028
453560701X
4314005300
4000079166
4000079158
400007914X
4000079131
4000079123
4000079115
425411477X
4254114788
4254114834
4000053086
4254114125
4320013190
4000078658
4061532103
4563008052
4627020309
4873611474
4563004448
4535782083
4000104411
4000104365
4535603022
4535603014
4320014731
490771906X
4185411006
4947627085
4788789299
4314005491
4785311223
4000078623
4000077775
4320014278
4000053140
4795268797
4785313013
4320015541
4785635363
4000105159
4000078143
4563004057
4320012534
4501502509
432001264X
4000055151
4000053132
462700530X
4627073100
4627004400
4320021711
432001376X
4873611520
4535782792
4320012380
432001460X
4563004081
4788500825
4873611369
4627020201
4489004184
4320014618
4808210150
4130620010
4785313137
4785311053
4768700284
4842701846
4563004278
4768701922
4768701914
4130040618
4000105221
4316375806
4563001414
4492470042
4316377213
4000105256
4316376101
4785310383
4795268541
4314003162
4535781095
4535782148
4785311266
4535781265
4320014065
453560116X
4535781559
4492470395
4254113749
4254100639
4254100507
4061868357
4130629018
4563013382
4563005282
476491008X
4000106422
4000106279
4130621041
4000106236
4000106325
406139312X
4061532022
4000101668
4320014987
4130621041
4563003115
478190100X
4563003204
4000079786
4320012127
4837504337
4000101676
4907719078
4781901093
4000078631
4320014960
4000056301
4320010000
4000051539
4000054996
4130621300
4000052357
4785310774
4627080301
490089902X
4563002097
4563006408
4785310529
4563005673
4563002143
4785310545
440702173X
4000105248
4000106376
4000106376
4254114931
4407023953
4254114915
4062570033
4795268614
4534012004
4320013042
4320011651
4320010639
4320012526
4785311282
4785670193
4314002395
4795268525
4785314052
4785310693
4407021365
4407021160
4872431162
4000100149
4000100149
4535601178
4781901360
4000106597
432001572X
4785670266
4062570378
4535781516
4914903237
4563005258
4563005320
4621021435
4563032476
4061396811
4000051679
4000051660
4000106538
4563004618
4563004421
448601006X
4781901972
432001295X
4567733118
4567733118
4000105256
400010523X
4842702281
4254125216
4106002574
4254113013
4320012674
4320010973
4320011112
4320010418
4785315210
4563004014
4563002062
4782845022
478531091X
4785315164
4254114710
4781903002
4785635339
4254110472
4254110464
4781902812
4320013182
4000051571
4320032438
4320031423
4320014235
4320012631
4320014405
4842701455
4842701366
4320013484
4431708243
4431708235
4000106449
4000106406
4320010019
4000100033
4000106341
4627000200
4000055127
4000101595
4873611989
4320070291
4501513802
487361130X
4873611288
4303722901
4563005878
4563001139
4563001155
4000051512
4000051512
4000051512
4320013824
4535781680
4768701175
4768701175
4431705074
4431705066
4782806256
4782806086
4489001215
4489011679
4489011660
4000059114
4320014502
4489011636
4489011628
4489011571
4000051687
4000051687
462701810X
4274130339
4274130169
4489011652
4000054414
4762232181
4320005422
4320005414
4842701676
4621045938
4842701552
4062570289
4000059300
4535781966
4563001619
4621026011
4764901196
4000061011
4781902502
4431707077
4320010388
4627042116
4320014448
4879840416
487984036X
4563005444
406122056X
4785310553
4274129802
4627030606
4000057405
4000052365
400007637X
4000059149
4000059130
4795200904
4320011546
4534011962
4795268851
4795268606
4000100165
4254113943
4807901788
4535782458
413064064X
4320015649
4781901263
4407021748
4314003995
4768701094
4829920696
4320010116
4320010493
4385431604
400010523X
4000100173
4563003026
432001443X
4489001819
4061222317
4316375423
4785381078
432001250X
4320012232
4873611032
4873611040
4320012283
4320012429
4320013085
4472300419
4000054864
4489003331
4320011880
4535781923
462700270X
4764910292
4621032259
4314004819
4563005630
4563005649
4563005622
400005225X
4753048535
4000215574
4785329033
4320014421
4320014537
4320010884
4061292161
4000106384
4781904262
4781903045
4781903037
4781903029
4781901301
4782806140
4320011562
4320011635
4320014154
4892410020
4892410012
4320008952
4320013409
4486009991
4486009983
4486009975
4486009967
4431708901
4768701418
4431706186
478280606X
4782806027
4000076361
4320012399
4563009288
4627033508
4000061267
4000054848
4314000627
4781906842
4782806094
4316375504
4000066412
4000077716
4000079808
4000078666
4563021555
4000076388
4795268584
4320012593
4781901417
4842501812
4320012577
4781901204
4320012518
4563005339
4563005533
4320012305
4320010825
4320010620
4563004243
4320013867
4320013875
4320014413
4785310014
4254125240
4563001015
4000211072
487525153X
4782806051
400021554X
4785380071
4000100114
4000100114
4320012801
4000051636
4130640658
4000050257
4489004427
4627040709
4627040601
4768702449
4000104314
4000104357
400010442X
4000100149
4000100149
4320011015
4837504574
4316376306
400010652X
4320011392
453558091X
4022550880
489241011X
478850152X
400006133X
4000061321
4061868365
4795268754
4000105213
4000104438
4535781710
4781902804
4061396048
4254114222
432001040X
4320010396
479526855X
4567763300
4785310642
4785310642
4785315091
4563007587
453578261X
4563005592
4563002259
4627040806
4563005819
4563002348
4320013913
432001393X
4320000986
4314001186
4785310537
4785310855
4785310723
4416185170
4535781591
4627003900
4489002424
4000106562
4000106279
4000106228
4000105124
4000106333
4316315714
456300409X
4563005851
4385357277
4535781605
4768703097
4782850549
453578244X
4320011910
4320005171
4000053906
4254100922
4768703151
4785310391
4000100033
4000100033
4000100017
4000100017
4785630868
4000056328
4563001163
4563001384
4781901840
4563008184
4320021886
4781900992
4000211056
4320010965
4563001368
4563001368
4768702074
4905557038
490555702X
4000105124
4627005008
478190128X
4254114672
4535781915
4535781907
4535781222
4185340036
4431707042
4320014952
456300183X
4000105159
4000105159
4000100173
4563003123
4000100149
4000106392
4000101625
4130640690
4320014146
433907652X
4627040407
4563004065
4339060631
432001037X
4486007026
4489001827
4842502053
4781901506
4788501058
4000078615
4000078704
4621036793
4320014766
4130640739
4000104330
400010523X
4320011619
4627030207
4326151935
4769906854
400005516X
4320012771
4000100025
4000051490
432001149X
4782806078
4320013751
4563002844
4000077783
4832012762
4320010957
4320010949
4316375113
4000105213
4000105116
4316376705
4320013832
4320013433
4254113625
4000101730
4339000019
4339060453
4000050281
4000054880
4004200431
4004160014
4000055011
448900317X
4254110456
400005290X
400005290X
4000052217
4535781702
400021571X
4000078976
4000215760
4000051628
4895421481
4621029665
4621029746
4535606013
400005726X
4000105221
4781902162
4582532020
4000105116
4000078011
4000100017
4000051733
4254200730
4627071701
4320022475
4339060089
4130640089
4320007956
4320012437
4320012364
4781901107
4563003077
4000213245
462707350X
4627073003
4320014006
4915572781
4915572145
4185397062
4314005777
4873611911
4314004770
4627052405
4314005076
478850085X
4000100114
4314002743
4000051644
4320012720
4254114389
400010439X
4316377116
438534986X
4320014251
4563001872
4489003323
4320013476
4563005606
4627002505
4785310464
4320012372
4320010612
4627080700
4254110065
4627001800
4320015754
4788500906
4000061615
4000061607
4000061607
4489002408
4627042515
4781901271
4781901190
4000100165
4254114451
4314001356
4785314079
4627001207
4627033206
4627033109
4627000502
4781901875
4320014677
4254114214
4535606064
4320001605
4873612004
4785670177
4000076310
4000066161
4000066129
4000066110
4000056344
4627018304
4781902529
4627092903
462103071X
4000106295
4000106309
4622024926
4254114184
4254113757
4254113757
4759906878
4759906401
4759905960
4759905758
4320010558
4061292145
476990505X
4061396668
4532062543
4532074061
4785320230
4535606048
4785311169
4254110251
4000051830
4781905021
4563001740
4316375318
4563001910
4563002046
4627031203
4563002070
4627005202
4563004634
4785310456
4785310456
4785310448
4785310448
4000051776
4563005266
4489000928
4254225792
400021831X
425411026X
4254120168
4000100157
4000100157
4000105191
4000105248
4061298577
4000078682
4061222325
4000106309
4000109553
4407022035
4000076353
4486009096
4782890117
4563003182
4000059009
4000051466
4000050206
456300605X
4563006033
4563006017
4563002089
4837504000
4535781125
4000104462
478531043X
4489002742
4314002387
4314002158
4000105205
400010005X
4320010930
4000105116
4535606099
4782806175
4320011457
4535606102
406132652X
4890190074
489019004X
4782890133
4254126441
456300569X
4627004001
478190792X
4000106457
4320015568
4785311045
4101219044
4785310650
4785310618
4785311029
4785310898
4627002009
4817300612
4785310863
4785312017
4785310065
4785310715
478531205X
4785312025
4785380055
4785380039
4489001258
4785310073
4785310596
4785310944
4785310294
4320010760
4000215531
4000215523
4785380012
4314004657
4563002380
4534016271
4000105159
4627015100
4563031607
4000059327
4785313129
4314001690
4844501178
4627004702
4000105183
4000105256
4000100114
4000079727
4431707484
4000100165
4320013220
4320013220
4000106317
4563004413
4785381035
4563001562
4130640720
4061868373
4000105191
4895015351
4061396633
4766505905
4885950880
4000078690
4486001176
4486001117
4486001168
4486007662
4486007654
4486001133
4486001222
4486001125
4486001192
4486001206
4486001214
448600115X
4781904890
4781906346
4563002038
4785310472
4489001126
4621031201
4768701388
4320022610
4431706097
4563020346
4622025426
4320032330
4431705724
4000058525
4320014510
4061542133
4794960409
4320013964
4320014456
4489001061
4489001053
4489002106
4489002092
4489002084
4489002076
4489002068
4489001045
4489001037
4489001029
4489001029
4489001010
4489002025
4489002017
4489002173
4489002173
4489002165
4489002157
448900205X
4489002041
4489002033
4489001177
4489001169
4489001150
4489001142
4563031739
4320013999
4781900984
4489012233
4489012233
4489002130
4489002122
4489002114
4489002203
448900110X
4489001096
4061221205
4489011644
443170521X
4431705201
4489011296
4489011288
4789110060
432002141X
4320011554
4320010531
4320012348
4817300337
4254114559
4254114540
4254114532
4254114524
4254114516
4061221361
4320011597
4003390253
4316376004
4316376004
4782805055
4320021010
4768701841
4781901174
4782805071
4000106465
4000106414
5320010906
4320013441
4320012658
462103068X
4254100752
4254100302
4563002216
4000101544
427402010X
4563002100
4795268657
4254115539
4000106368
4785311096
4785312033
4000104322
4000077406
4431707875
4320010752
4535604029
4320015738
4254114923
4789110052
4320026829
4320005481
4563008370
4563008362
432001135X
4785311037
4810189066
4842702206
4622025086
4563004626
4000105191
4000105140
4000105183
4000105124
4000101684
4320011031
431637561X
4627526105
4000104454
4535604037
4535781109
4535781117
456302029X
431400259X
4563020397
4320012259
4000106392
4000106333
4000106570
400021022X
4000101528
4817153040
4817153040
400021263X
4000212621
4320013131
4535781176
431400195X
431400195X
4807180096
4535600112
4768701272
4254110480
4254120729
4320013115
4320013077
4000077740
4785310707
4764910055
4407022590
476870011X
432001247X
4431706283
4621029894
4303732605
44303732702
4303727903
4303728004
4303727806
4785310324
4785380047
4320012275
4897340071
489734011X
4568300339
456830024X
4320013883
432001314X
4254125089
4130640704
4785601418
478531124X
425411494X
4000101641
462700320X
4627004605
4627091605
4872590171
487259018X
4535782725
4000059750
4254115512
4320012844
4627033400
4782806035
4000059068
4764900335
4320021428
4320020855
4000100157
456300443X
4489003382
431637690X
4489011121
4431706453
4781905625
4781905633
4785314044
4000100211
4254114338
4781901336
4061868349
4781901522
4314000686
4753600041
4000104373
4274130347
4535782237
4000106317
4254113536
431400293X
4627031300
4627072600
4320013255
4534009747
4320013239
4788501317
4000076337
4879620122
4254114613
4407021969
4768700764
4535601194
4768700519
4781901085
4000059319
4795201099
4810189465
4339004715
4339004723
4316375709
4782805063
4320012895
4785320311
4785381086
462700060X
4320016556
4000077759
400007864X
4875731019
4254114575
4320012321
4785311010
4320014782
4320011007
4627080905
456300510X
4254115520
4627030509
4407021934
4320015193
489734008X
4431707301
4563008176
4535782202
4563001953
4782806159
4873612039
4766501543
4489002572
4000106368
4000215736
4000054449
456300782X
4431706674
478190131X
4254110545
4535606072
4314004762
4000100238
4000100084
4768701892
4817300671
4061221434
4061221426
4431705953
4764910071
4489010931
4782806019
4000105175
4627820402
4489002645
4489012179
4489001304
4489011563
448901015X
4489010168
4764900432
4000105213
4795268835
4314001275
4320012623
4254136773
4320015681
4627074409
4000076329
4061868314
4000105140
4254114591
4320011643
4000077465
4563021695
4627017103
4627071108
4627071701
4000060031
4000060031
4563004219
4768701057
4768700950
4842701617
4627072902
4061868322
4320011317
4000050729
4535601259
4535781532
4535782075
4535602123
4563005088
4627072503
4563003069
456300507X
4563001511
4627003609
4320015371
462703010X
4254135025
4320002326
4627045107
4320014855
4320014944
4817300078
400000347X
4890190023
4621027964
4792200237
4254110421
4621036823
4621036238
4000052624
4320015932
4254114796
4314004991
4753600947
4320010450
4407022132
4563001503
4431707514
4431707506
4785310634
4781907725
4000079794
4791753607
4469041238
4320015584
4563002623
4130621319
4000100246
4563001937
478531401X
4753600939
478531401X
4000078119
4000078674
4535601097
4320014197
4407021632
4535782180
453570404X
4535782717
4254136323
4842701382
4320012224
4130613006
4130629026
4000078070
4000078054
4000078046
4000078038
4837502598
4130629034
4535601240
4785310588
413064081X
4254114397
425411432X
4254114370
4535601127
4000079751
4560000018
4000056611
4000054244
4785313048
4563001120
4000079948
4785313080
4000100092
400005676X
4000214128
4842701315
4785313153
487186037X
4000800264
4314004908
4562016132
4627150709
4061539566
4870870010
4870870010
4781902154
4254136315
4000214136
4534012284
4534009666
481730006X
453578177X
4000056387
4000213229
4627071604
4339060062
4563004073
432001555X
4781902537
4254110499
4320014391
4785310928
400010621X
4431706623
4563003018
4000106287
432001345X
4563005401
456300152X
4563001945
4563001988
4563001627
456300197X
4785313099
400005600X
4254226284
4431706321
4781905927
400010165X
4785313110
4535781990
4563002402
4000105140
4000105221
4000105248
425411463X
4000061402
4000055526
4785311053
4314001593
4000101706
4535781575
4535601100
4320015762
4000051865
4782851049
4000106511
4000100165
4000060465
4563002542
4431708596
4000213261
4000100203
4000106295
4000211528
4431705716
4535782601
4000052918
4489011067
4563002720
4320011325
4130621033
4000106384
4320014200
4781901050
4320011589
4314001178
4535601062
4785310316
4000100041
4320013123
443170664X
4431705945
4501518405
443170597X
4767410762
4254114346
4837505856
4000061623
4185367074
4489001134
4320015770
4000076345
4535781087
4000106554
4320015746
400021151X
4489001088
4000106465
4000106430
4489002181
4489001118
4130629042
4781906648
4254114788
4000052624
4000100041
4254114621
4000052306
4781902790
4764910284
400005306X
4785314036
476491025X
4768701728
432001040X
4314003499
4254114362
4000212346
4781904653
4314001356
4314002085
484270165X
4842701781
4764910063
4000059718
4000100173
4254114311
4320011066
4061868330
4320012461
4895012549
4782890184
4130640682
400007802X
4320010280
4627038216
4000105175
4000108085
4000100130
4000100173
400010635X
4501520604
4489011601
4320015630
4000104446
4535604118
4407022493
431400262X
4000058622
4000106430
4000053612
4535781761
4254114818
4000106260
4000109596
4489002653
4254136331
4785315032
4000106473
4320015592
400010635X
4000106449
4000100068
400010652X
400010151X
4000106546
4785310871
4000052616
4000108115
4535601100
4785313056
476870171X
4781906885
4000106473
4810340406
4000106589
456302418X
4627074700
425411396X
4535601046
4130621068
4431705619
4489002653
453578163X
4489002386
4320011406
4254114699
425411463X
4431706917
432001104X
4563001708
478531110X
4535782024
4254136781
4753601021
4879620556
4254110049
4000078127
4000106511
4000055569
4785310340
4900899038
4785310987
4535782474
4254114443
4563002372
4000053981
400007816X
4000104519
4000058703
4314003081
4535782644
4000100092
4000078151
4320015711
4563002917
400005189X
4320015606
4000106570
4431705945
4431706828
4000106414
4314004908
4785313102
4000060619
9783111039312
9783110766905
9781108478588
9781470466527
9783031128790
9781009288088
9781009261685
9781470469849
9781470471033
9781470466565
9781470468576
9781470467982
9781009254632
9781316511893
9781107142596
9789811985393
9781316510872
9781470460198
9781470455873
9781470455484
9781470455378
9781470455422
9781470456269
9783031133787
9781316514887
019784781915661
9783031138508
9783030989309
9783031188992
9783110601053
129784320112087
129784781915630
9783031009419
9783031054792
9783031056970
9783031101441
9783031194351
9781009208741
9781009243773
9781009183291
9783031138720
9783031177811
9781470453749
9781470453756
9781470454210
9781470454296
9781470454333
9781470455415
9781470455392
9781470455361
9781009218467
9783031118210
9781009180856
9780691241340
9783031183065
9781009054850
9781571464217
119784781915586
9783110757699
9783031055126
9783031148682
9783031142048
9783031097997
9781470470494
9781470463809
9781470468484
9781470456061
9781470464844
9781470467975
109784781915531
9781009096669
9781108745246
9783031067525
9783031117985
9783031075308
9783031126154
9783031151262
9783031082337
9783031082115
9783110784053
9783031170324
9783031087042
9783031127618
9783031171222
9781470465209
9783031086588
9781470472252
9781470453848
9781470453831
9781470453763
9781470453459
9781470453107
9781571464194
099784781915524
049784621307014
049784621307007
9781009232470
9783031051210
9781108969031
9789811911842
079784621307267
9781009170321
9781316519936
9781108845953
9781470466558
9781470469870
9781470470326
9781470469009
9783110788600
9783031104466
9783031053207
9783031061851
9783031052958
9783030943592
9781470453732
9781470471576
9781470453466
9781470453435
9781470452971
9781470452773
9781009123297
9781470467944
9781009098441
9783030964320
9783031044274
9783030966652
9781009123341
9783031045073
9780691235462
079784781915487
9781571464132
9781009096225
9783030959555
069784781915470
9783030979010
9783110556001
9789811910982
9781470452735
9781470452698
9781470452292
9781470452285
9781470452100
9781470451608
9789811910951
059784320113930
039784785314132
9781470467791
9781009151146
9781316516331
9781108429061
9781009005852
9781316519677
9783110761764
9783030850524
9781470461560
9781470466718
059784781915432
9783030964085
9783030940546
9781470451431
9781470451417
9781470451387
9781470451349
9781470451196
9781470451189
9781470451172
9783030990107
9783030941505
9783110763225
9781108792516
9781108792509
049784320114692
9781447175223
9783030949983
9781470460150
9781108792042
9781108832496
049784781915418
9783030909505
9783030790097
9780691233055
9781470465070
9783030638481
9783662648766
9783030918620
039784781915388
9781108837989
9783030914264
9783030944995
9783030891169
9784781915968
9783031496530
9783031487835
9783031384912
9783031433276
9789819966851
9789819909094
9788386806560
9783031451768
9783031431913
9783031450358
9783031378829
9783031465970
9783031339271
9783031336997
9783031338588
9783031375569
9783031380198
9783031428982
9783031427596
9784781915906
9781470459925
9781470465476
9781470466961
9781470467074
9781470467357
9783031463860
9783031410253
9781009179706
9783031332944
9783031368530
9781009349987
9783031379123
9783031272332
9789819953356
9781470474287
9781470471279
9781470472061
9781470472450
9781470471125
9781470473457
9781470456726
9781108844239
9783662678701
9783031103902
9781470467005
9781470466992
9781470465506
9781470467081
9781470465421
9781470472108
9789811219702
9783111171630
9780691243610
9783031383830
9781908106766
9781009384803
9783031379000
9783031355493
9784320113947
9784781915869
9789811275128
9783031410192
9783031394003
9783031262999
9781470465438
9781470469924
9781108965644
9780521113618
9781571464590
9783031321146
9781470467029
9781470467036
9781470467043
9781470467050
9781470467067
9781470474683
9783031408397
9783031311383
9781470464400
9781470465445
9781470459901
9781470465483
9781470464394
9781470465452
9781470473556
9784320114647
9784781915821
9781009338042
9781009097352
9781470471477
9781009262491
9781009414326
9783031330452
9783031296697
9783031326004
9783031368561
9783111085173
9788386806553
9781470463120
9781470462833
9781009372626
9783110675283
9783031299728
9789819937035
9781009345736
9781470469658
9780691249551
9781009193399
9783031282874
9781470461263
9781470463113
9781470464165
9781470465469
9783111169897
9781009280006
9780691246802
9783031295621
9781470470654
9781470468989
9781470469771
9781009346108
9781470469641
9783031280191
9784781915746
9781470461218
9781470456313
9781470463090
9781470464127
9781470461195
9781470463106
9783031204081
9783111233031
9783031212611
9783031283635
9781316510865
9784621300701
9783031122439
9781470468590
9783110999822
9783031256318
9781470456320
9781470461201
9781470462697
9781470459932
9781470460242
9781470447120
9783031094958
9784621307281
9781009220606
9781470469689
9783031220067
9783031250019
9783031263057
9783031108846
9784864970983
9783031214592
9783031217999
9783031057922
9783031197062
9783110700008
9784535786615
9784535786592
9784781915715
9784535786608
9784535787384
9784535787377
9784535787360
9783031130168
9789811965647
9781470456252
9781470460228
9781470459918
9781470459949
9781470456825
9781470456818
9781470456337
9783031203855
9781470468040
9783031245862
9789811247422
9783031238239
9783031210495
9781470460204
9781470461577
9781470460211
9781470456788
9781470455385
9781470455408
9780192863867
9780192849540
9781009253154
9789811976698
9789811967870
9783031231216
9783031122002
9781470466046
9784864971058
